% -------------------------------------------------------------------
%  Generated by MATLAB on 16-Nov-2014 19:02:31
%  MATLAB version: 8.3.0.532 (R2014a)
% -------------------------------------------------------------------
                                             

hrms = [3.1668084541176; 3.003008016835655; 2.8501276087058396; 2.6644871131196357; ...
        2.4570065592291721; 2.2495260053387085; 2.0638855097525046; 1.856404955862041; ...
        1.6926045185800966; 1.517884052146022; 1.3650036440162068; 1.2339632941906509; ...
        1.1029229443650952; 1.0046426819959282; 0.89544239047463159; 0.819002186409724; ...
        0.74256198234481652; 0.67704180743203857; 0.60060160336713109; ...
        0.54600145760648267; 0.50232134099796411; 0.44772119523731579; ...
        0.41496110778092687; 0.38220102032453784; 0.34944093286814892; ...
        0.31668084541175995; 0.31668084541175995; 0.31668084541175995; ...
        0.31668084541175995];

