% -------------------------------------------------------------------
%  Generated by MATLAB on 16-Nov-2014 19:02:48
%  MATLAB version: 8.3.0.532 (R2014a)
% -------------------------------------------------------------------
                                            

hrms = [0.97625060620039106; 0.94239851582878909; 0.88779837006814077; ...
        0.82555420390100187; 0.77095405814035356; 0.695605856990659; 0.63772970248437177; ...
        0.57985354797808464; 0.52525340221743644; 0.47392926520242695; ...
        0.46410123896551025; 0.46410123896551025; 0.46410123896551025; ...
        0.46410123896551025; 0.46410123896551025; 0.46410123896551025; ...
        0.46410123896551025; 0.46410123896551025; 0.46410123896551025; ...
        0.46410123896551025; 0.46410123896551025; 0.46410123896551025; ...
        0.46410123896551025; 0.46410123896551025; 0.46410123896551025; ...
        0.46410123896551025; 0.46410123896551025; 0.46410123896551025; ...
        0.46410123896551025];

