

dist = linspace(0,14,29);
dist = dist'
uss = [2.9 2.75 2.61 2.44 2.25 2.06 1.89 1.7 1.55 1.39 1.25 1.13 1.01 0.92 0.82 0.75 0.68 0.62 0.55 0.5 0.46 0.41 0.38 0.35 0.32 0.29 0.29 0.29 0.29]
uss = uss'
uind = uss / (sqrt(2)*2)  
fr = 13.56*10^6 %13.56 MHz
u0 = 4*pi*10^-7
ur = 1 %luft

A = 0.072*0.042 % 72mm x 42mm
hrms = uind / (2*pi * fr * u0 * ur * A)