% -------------------------------------------------------------------
%  Generated by MATLAB on 16-Nov-2014 19:02:05
%  MATLAB version: 8.3.0.532 (R2014a)
% -------------------------------------------------------------------
                                             

hrms = [0.39639705822230642; 0.46410123896551025; 0.54600145760648267; ...
        0.856130285526965; 1.0920029152129653; 1.419603789776855; 1.9437651890790784; ...
        2.1512457429695417; 2.3368862385557461; 2.5225267341419504; 2.7300072880324135; ...
        2.882887696162229; 2.9811679585313957; 3.0139280459877842; 2.9484078710750068; ...
        2.8501276087058396; 2.6754071422717653; 2.5225267341419504; 2.3368862385557461; ...
        1.736284635188615; 1.3431635857119475; 1.1138429735172248; 0.93912250708315026; ...
        0.80153013976631671; 0.71307790363406642];

