% -------------------------------------------------------------------
%  Generated by MATLAB on 16-Nov-2014 19:07:29
%  MATLAB version: 8.3.0.532 (R2014a)
% -------------------------------------------------------------------
                                            

hrms = [0.54600145760648267; 0.62790167624745508; 0.65520174912777918; ...
        0.88779837006814077; 0.92165046043974286; 0.948950533320067; 0.96860658579390035; ...
        0.97625060620039106; 0.98280262369166893; 0.98935464118294669; ...
        0.98935464118294669; 0.98935464118294669; 0.9969986615894374; 0.9969986615894374; ...
        0.9969986615894374; 1.0035506790807154; 1.0101026965719933; 1.0101026965719933; ...
        1.0101026965719933; 1.0101026965719933; 1.0101026965719933; 1.0035506790807154; ...
        0.98935464118294669; 0.98280262369166893; 0.96860658579390035];

