

freq = [12 12.2 12.4 12.6 12.8 13 13.2 13.25 13.3 13.35 13.4 13.45 13.5 13.55 13.6 13.65 13.7 13.75 13.8 14 14.2 14.4 14.6 14.8 15]
freq = freq'
uss = [0.363 0.425 0.5 0.784 1 1.3 1.78 1.97 2.14 2.31 2.5 2.64 2.73 2.76 2.7 2.61 2.45 2.31 2.14 1.59 1.23 1.02 0.86 0.734 0.653]
uss = uss'
uind = uss / (sqrt(2)*2)  
fr = 13.56*10^6 %13.56 MHz
u0 = 4*pi*10^-7
ur = 1 %luft

A = 0.072*0.042 % 72mm x 42mm
hrmsq50 = uind ./ (2*pi * freq * u0 * ur * A *10^6)