
uss = [0 0.456 0.913 1.344 1.8 2.23 2.69 3.19 3.61 4.09 4.59 5.03 5.47 5.91 6.34 6.78 7.19]
uss = uss'
uind = uss / (sqrt(2)*2)  
fr = 13.56*10^6 %13.56 MHz
u0 = 4*pi*10^-7
ur = 1 %luft

A = 0.072*0.042 % 72mm x 42mm
hrms = uind / (2*pi * fr * u0 * ur * A)