wortbreite = linspace(14,24,11)

THD_N = [-90 -95 -101.09 -105.15 -107.52 -108.35 -108.48 -108.86 -108.93 -108.94 -108.95]

SNR_gem = -1.*THD_N

SNR_ber = 6.02.*wortbreite